[
 [0, 0],
 [0, 293],
 [106, 298],
 [135, 304],
 [167, 322],
 [190, 347],
 [216, 402],
 [226, 413],
 [239, 419],
 [252, 419],
 [265, 411],
 [280, 397],
 [307, 369],
 [329, 344],
 [350, 323],
 [368, 299],
 [405, 239],
 [422, 215],
 [439, 196],
 [471, 175],
 [495, 154],
 [520, 140],
 [541, 131],
 [526, 171],
 [522, 208],
 [509, 252],
 [509, 287],
 [501, 321],
 [502, 358],
 [487, 403],
 [474, 438],
 [475, 600],
 [623, 600],
 [623, 450],
 [641, 433],
 [623, 421],
 [639, 395],
 [627, 371],
 [645, 355],
 [632, 330],
 [649, 309],
 [638, 300],
 [649, 283],
 [640, 266],
 [645, 245],
 [660, 268],
 [674, 276],
 [708, 287],
 [800, 290],
 [845, 287],
 [870, 275],
 [888, 256],
 [1183, 256],
 [1201, 217],
 [1254, 217],
 [1276, 187],
 [1317, 187],
 [1333, 157],
 [1394, 157],
 [1411, 182],
 [1458, 177],
 [1495, 147],
 [1557, 147],
 [1600, 104],
 [1642, 144],
 [1692, 165],
 [1706, 209],
 [1762, 202],
 [1785, 261],
 [1828, 281],
 [1839, 313],
 [1898, 333],
 [1928, 380],
 [1985, 380],
 [2007, 347],
 [2053, 347],
 [2059, 402],
 [2060, 600],
 [2114, 450],
 [2117, 409],
 [2100, 357],
 [2105, 303],
 [2400, 303],
 [2472, 289],
 [2527, 291],
 [2573, 308],
 [2656, 304],
 [2664, 357],
 [2672, 377],
 [2690, 402],
 [2712, 416],
 [2791, 424],
 [2828, 413],
 [2848, 382],
 [2870, 357],
 [2888, 334],
 [2902, 311],
 [2930, 290],
 [2958, 261],
 [2988, 249],
 [2980, 292],
 [2993, 319],
 [2974, 365],
 [2990, 412],
 [2975, 448],
 [2970, 450],
 [2970, 600],
 [3077, 600],
 [3077, 450],
 [3085, 396],
 [3200, 396],
 [3200, 0]
]
